18525
1313
18273
17029
18989
297
16889
32553
26189
28393
4579
2864
11802
12617
28589
19044
3222
24252
9748
29157
8224
15836
24753
15981
28430
4896
8074
16586
7846
15370
19166
27809
28338
31504
31546
8767
28049
19556
15798
2051
4329
13822
26467
10883
3838
28523
29016
25529
18465
6058
22767
16198
13253
29096
813
10966
25263
30161
32150
11026
17422
8314
19853
2067
22446
4126
15832
28609
6643
15596
24495
28356
13543
16114
1217
10717
30329
12997
20000
21507
9656
24401
28626
22040
18485
14763
4209
27476
30812
24765
21583
14434
20050
32626
15773
8961
14525
7576
28679
6320
19562
32140
32063
14632
9637
4556
9329
1194
29858
29798
24926
3252
3889
3442
22274
23
3990
32367
24485
21965
6815
24449
19116
27134
14588
24410
11721
27974
12015
21878
17000
27769
394
8478
16269
30512
32003
1566
19120
8535
4151
12054
29537
27707
14544
1320
10325
26600
22764
30717
